1	0	44
1	0	193
44	0	76
44	1	127
193	0	278
193	1	133
76	0	148
76	44	114
127	1	150
127	44	82
278	0	156
278	193	247
133	193	66
148	0	83
148	76	234
114	44	56
114	76	122
150	1	250
150	127	81
82	44	56
82	127	81
156	0	145
156	278	138
247	193	16
247	278	261
66	193	194
66	133	201
83	0	165
83	148	235
234	76	115
56	114	124
122	76	115
122	114	55
250	1	11
250	150	191
81	150	191
56	82	81
145	0	268
145	156	138
138	278	261
16	193	194
16	247	261
194	66	60
201	133	76
201	66	256
165	0	153
165	83	281
235	148	276
235	83	281
115	234	136
124	114	55
124	56	191
115	122	151
55	122	151
11	1	254
11	250	135
191	56	191
268	0	153
268	145	138
261	138	270
194	16	24
261	16	270
60	66	178
60	194	249
76	201	15
256	66	178
256	201	215
153	165	90
281	165	67
276	148	247
276	235	132
281	235	132
136	234	188
136	115	151
55	124	218
191	124	218
151	55	42
254	1	146
254	11	40
135	11	170
153	268	290
138	268	183
270	138	70
24	16	270
24	194	249
178	60	202
249	60	202
15	201	215
178	256	296
215	256	5
90	165	67
90	153	206
67	281	233
247	276	103
132	276	233
132	281	233
188	234	212
188	136	243
151	136	243
218	55	42
218	191	42
42	151	243
146	254	50
40	11	13
40	254	50
170	11	13
170	135	130
290	268	173
290	153	206
183	268	262
183	138	70
70	270	27
270	24	65
249	24	36
202	178	35
202	249	36
215	15	5
296	256	5
296	178	35
67	90	258
206	90	92
233	67	243
103	276	233
212	234	193
212	188	243
243	42	258
50	146	127
13	40	48
50	40	177
13	170	9
130	135	20
130	170	120
173	268	262
173	290	21
206	290	92
262	183	70
27	270	200
27	70	253
65	24	217
65	270	200
36	24	38
35	202	226
36	202	226
5	15	263
5	296	101
35	296	255
258	90	168
258	67	258
92	90	168
243	233	243
233	103	212
193	103	103
48	40	177
48	13	71
177	50	44
9	170	120
9	13	100
20	135	187
20	130	120
21	290	92
21	173	30
200	27	200
217	24	38
217	65	184
38	36	286
226	35	255
226	36	118
263	15	219
263	5	101
101	296	236
255	296	236
168	258	260
168	21	21
177	48	104
71	48	223
44	177	104
120	9	106
100	9	106
187	135	87
120	20	289
30	173	273
30	21	158
65	27	225
38	217	286
184	65	109
184	217	286
286	36	118
255	226	295
118	226	266
219	15	73
219	263	223
101	263	192
236	101	12
236	255	137
260	168	97
21	168	97
104	48	73
223	48	73
223	71	147
106	120	289
106	100	283
87	135	18
87	187	32
289	20	241
273	173	88
273	30	158
158	21	97
225	65	109
109	184	26
286	184	26
118	286	26
295	226	266
295	255	140
266	118	216
73	15	114
73	219	73
223	263	147
192	263	147
192	101	157
12	101	157
12	236	297
137	255	245
137	236	190
97	260	4
73	104	114
289	106	283
283	100	112
18	87	102
32	87	8
241	20	164
241	289	149
109	225	141
26	109	41
26	118	113
266	295	274
140	255	245
140	295	6
216	118	113
216	266	274
147	192	119
157	192	119
157	12	119
297	236	190
297	12	119
190	137	185
4	260	159
4	97	285
283	289	190
112	100	119
112	283	297
102	87	8
102	18	205
8	32	164
164	20	164
164	241	222
149	289	209
149	241	180
141	225	89
141	109	41
41	26	79
113	26	93
274	295	6
6	140	53
113	216	68
274	216	68
119	147	119
190	283	190
119	112	119
185	137	203
185	190	209
159	260	85
159	4	134
285	97	273
285	4	195
190	289	209
8	102	213
205	18	105
205	102	131
164	8	222
222	241	227
209	149	180
180	241	227
89	225	253
89	141	252
41	141	154
79	26	93
79	41	214
93	113	46
6	274	68
53	6	271
68	113	239
203	185	54
209	185	180
85	260	94
85	159	95
134	4	196
134	159	257
273	285	246
195	4	196
195	285	221
213	102	220
213	8	116
105	18	198
105	205	131
131	102	220
222	8	116
227	222	116
227	185	185
253	89	246
252	141	154
252	89	17
154	41	210
93	79	46
214	41	172
214	79	228
46	113	239
68	6	14
271	6	204
271	53	203
54	227	227
54	271	271
94	260	110
94	85	142
95	159	257
95	85	142
257	134	166
246	285	17
196	195	277
221	285	17
221	195	252
220	213	58
116	213	96
198	105	197
131	105	123
220	131	280
116	227	96
246	89	17
246	253	88
154	252	34
17	221	17
210	41	172
210	154	176
46	79	228
172	214	228
239	46	208
14	6	23
204	6	23
204	271	160
203	53	245
227	54	181
271	54	242
110	94	49
142	94	288
257	95	166
142	95	166
166	134	288
277	195	2
58	213	96
58	220	280
197	105	47
123	105	267
123	131	280
96	227	181
88	253	262
172	210	176
228	46	208
208	239	287
23	14	160
160	271	242
181	54	121
242	54	121
49	94	75
49	110	52
288	94	231
288	142	288
2	195	34
96	58	143
280	58	169
47	105	267
267	123	161
280	123	161
181	96	238
176	172	265
287	239	14
160	287	287
242	160	211
121	181	99
121	242	211
75	94	231
75	49	33
52	110	78
52	49	275
231	288	84
34	2	176
143	58	7
143	96	238
169	58	230
169	280	161
267	47	125
161	267	230
238	181	59
265	176	139
287	160	74
211	160	74
99	181	59
99	121	211
231	75	37
33	49	275
33	75	284
78	110	248
78	52	163
275	52	163
84	231	176
176	2	176
7	58	230
7	143	251
238	143	174
230	169	230
125	47	31
125	267	230
59	238	22
139	176	126
139	265	86
59	99	111
211	99	232
37	75	284
37	231	126
275	33	207
284	33	207
248	78	25
163	78	25
163	275	240
176	231	126
230	7	230
251	143	174
251	7	29
174	238	22
31	125	72
126	139	86
86	265	57
111	99	117
111	59	174
232	99	117
284	37	293
126	37	69
207	275	240
207	284	293
25	248	51
25	163	240
125	7	29
174	251	269
29	251	175
72	125	29
72	31	62
86	126	171
57	265	228
57	86	10
174	111	269
117	232	91
293	37	69
69	126	171
240	207	19
293	207	155
51	25	229
240	25	64
269	251	98
175	251	98
175	29	259
29	72	167
62	31	129
62	72	167
171	86	10
10	57	74
269	111	144
91	232	39
91	117	224
69	293	292
171	69	77
19	207	155
19	240	299
155	293	292
229	25	279
229	51	63
64	25	162
98	269	144
98	175	144
259	29	167
259	175	144
129	31	298
129	62	108
167	62	108
10	171	152
74	10	39
144	111	45
39	232	39
39	91	152
224	117	45
224	91	264
292	69	199
77	69	199
77	171	186
155	19	64
299	19	64
292	155	128
279	25	107
279	229	63
63	51	31
162	25	107
162	64	128
167	259	108
144	259	45
298	31	43
108	129	189
152	171	186
152	10	152
152	91	186
45	224	264
264	91	189
199	292	244
199	77	282
186	77	282
64	155	128
128	292	179
107	279	80
31	63	43
107	162	179
128	162	179
108	259	189
45	259	189
43	298	291
189	129	237
186	91	189
264	45	189
244	292	28
244	199	61
282	199	61
282	186	189
179	292	28
80	107	28
43	63	80
179	107	28
291	43	244
237	129	182
237	282	282
28	244	28
61	244	3
61	237	237
80	43	80
244	291	3
182	237	294
3	61	294
237	61	294
3	291	182
294	3	294
